5.830541e-08
5.859229e-08
5.995318e-08
5.942677e-08
5.985759e-08
5.71358e-08
5.681279e-08
5.448139e-08
5.343804e-08
5.382931e-08
5.415199e-08
5.36712e-08
5.17274e-08
5.259026e-08
5.280775e-08
5.442247e-08
5.523716e-08
5.472699e-08
5.363902e-08
5.270618e-08
5.368972e-08
5.343919e-08
5.294214e-08
5.317037e-08
5.228758e-08
5.184264e-08
5.408427e-08
5.439162e-08
5.680967e-08
5.712517e-08
5.743614e-08
5.733562e-08
5.879331e-08
5.841966e-08
5.821871e-08
5.998644e-08
5.940012e-08
5.953733e-08
5.922963e-08
5.819182e-08
5.855794e-08
5.717412e-08
5.672915e-08
5.811414e-08
6.103085e-08
6.134195e-08
6.123993e-08
6.070453e-08
5.867846e-08
5.832557e-08
5.835438e-08
5.651727e-08
5.755345e-08
5.787823e-08
5.809658e-08
5.823381e-08
5.840196e-08
5.978021e-08
5.956626e-08
6.084624e-08
6.036586e-08
6.043407e-08
6.200151e-08
6.176936e-08
6.112516e-08
6.125631e-08
6.19761e-08
6.342202e-08
6.229123e-08
6.182165e-08
6.161501e-08
6.167071e-08
6.070068e-08
6.087882e-08
6.230609e-08
6.327624e-08
6.43794e-08
6.383052e-08
6.485156e-08
6.692793e-08
6.755719e-08
6.65177e-08
6.705347e-08
6.787679e-08
6.906999e-08
6.811192e-08
6.934085e-08
6.956619e-08
6.872118e-08
7.085489e-08
7.082223e-08
7.125995e-08
6.951172e-08
6.989269e-08
6.819942e-08
6.768807e-08
6.816701e-08
6.816078e-08
6.700774e-08
6.740746e-08
6.886775e-08
6.697466e-08
6.514806e-08
6.35199e-08
6.508253e-08
6.513711e-08
6.578449e-08
6.688378e-08
6.479384e-08
6.430445e-08
6.579928e-08
6.64398e-08
6.309728e-08
6.312443e-08
6.018647e-08
6.047478e-08
6.01183e-08
6.013409e-08
6.136974e-08
6.16306e-08
6.000258e-08
5.870655e-08
6.053551e-08
6.118631e-08
5.980318e-08
5.830447e-08
5.995495e-08
6.005364e-08
6.172784e-08
6.287452e-08
6.292631e-08
6.514051e-08
6.580966e-08
6.499462e-08
6.459915e-08
6.420571e-08
6.429736e-08
6.417968e-08
6.376643e-08
6.27309e-08
6.174985e-08
6.003054e-08
5.956237e-08
5.975837e-08
5.93218e-08
5.761253e-08
5.88299e-08
6.003697e-08
6.160099e-08
6.177028e-08
5.918797e-08
5.920915e-08
6.04034e-08
6.126557e-08
6.108684e-08
6.122026e-08
6.053996e-08
6.11224e-08
6.047649e-08
