0.9266256
0.9018445
0.8912593
0.8499456
0.8573785
0.8512768
0.8829047
0.9190348
0.8943653
0.884702
0.8897333
0.9062767
0.9220936
0.9307597
0.9380768
0.9510521
0.9454278
0.9312267
0.9056136
0.9177667
0.9361068
0.9183759
0.8983712
0.8735818
0.8643813
0.9167503
0.9207591
0.9284169
0.9243961
0.8716826
0.8547126
0.8709176
0.8869886
0.8980402
0.911378
0.9182196
0.8950122
0.8901993
0.8814407
0.9188427
0.8948516
0.9041264
0.914038
0.9046897
0.9005506
0.9261799
0.9221776
0.9463532
0.9443156
0.907471
0.8800102
0.8641355
0.8733538
0.8894723
0.8926442
0.9181612
0.8746303
0.891175
0.8849612
0.8376664
0.8376095
0.843553
0.8640119
0.8385841
0.88282
0.9095187
0.898106
0.9107728
0.9283593
0.9340298
0.9388117
0.922122
0.9413369
0.9292422
0.9211625
0.9408193
0.9179752
0.9008892
0.8948296
0.896656
0.88706
0.8884289
0.8908788
0.8893086
0.8786276
0.8829424
0.8944438
0.9578817
0.9623534
0.9624255
0.9769336
1.005729
0.9693299
0.9369055
0.9432034
0.9218369
0.8892769
0.9010212
0.9066584
0.8722089
0.8789934
0.9131362
0.9381009
0.9384933
0.9496091
0.9156855
0.8849171
0.8864498
0.8878922
0.8882652
0.9249988
0.9630964
0.9508919
0.925892
0.927153
0.9404974
0.9496091
0.9210773
0.9102744
0.8992619
0.9184039
0.9038752
0.8998026
0.869916
0.9192181
0.8666337
0.8454887
0.8613848
0.8820227
0.8968868
0.8925109
0.911923
0.8796273
0.8731753
0.9254392
0.9059681
0.9341345
0.9233403
0.9033502
0.8732835
0.9080852
0.8984099
0.9396475
0.9607515
0.9553679
0.9368532
0.938824
0.9181658
0.9197201
0.9037293
0.912062
0.9364418
0.924599
0.9335752
0.9353505
0.9248966
0.9475047
0.946068
0.9244338
