0.003556226
0.003091328
0.003294388
0.002903314
0.004055927
0.002492769
0.00296082
0.001525444
0.003751615
0.002963353
0.002312102
0.001826237
0.003139074
0.001805016
0.001656948
0.003621608
0.003107347
0.002398827
0.003890577
0.002698674
0.00260795
0.003669743
0.002773481
0.001717821
0.002048831
0.004281779
0.003394781
0.002847514
0.003303889
0.002746089
0.002604633
0.002435702
0.002424073
0.004579045
0.002016488
0.004438989
0.002051963
0.004085436
0.00150068
0.003065986
0.002883261
0.004356586
0.002735174
0.003141402
0.001959419
0.002414653
0.003439502
0.002677847
0.003882966
0.002592066
0.002559145
0.002002447
0.002289421
0.002579184
0.002833733
0.00266768
0.002119356
0.002295728
0.003406841
0.002105156
0.003998258
0.002143034
0.00301403
0.002525064
0.001780581
0.00268385
0.001847865
0.002278532
0.002119573
0.002476612
0.003876368
0.002808799
0.00333672
0.003332371
0.004622915
0.003228379
0.002390506
0.002000609
0.003734697
0.001730951
0.002407484
0.00283932
0.003227976
0.003843878
0.002854548
0.002375548
0.001368988
0.002426526
0.001575531
0.002563777
0.00325828
0.002039128
0.001413491
0.002069939
0.002822893
0.002544455
0.002030113
0.002000096
0.002420527
0.001962092
0.00333395
0.004873706
0.002019105
0.00212888
0.003550749
0.002894395
0.002480567
0.001616643
0.002721895
0.0041196
0.003277961
0.004226532
0.003333763
0.002323365
0.002565578
0.002428006
0.002455351
0.001958399
0.001565315
0.002370404
0.00267471
0.002515046
0.002176658
0.002554915
0.003263887
0.003306822
0.003710375
0.002477339
0.00303595
0.003811932
0.003889465
0.002465045
0.002680936
0.005374431
0.002982266
0.002330098
0.002219943
0.002021554
0.002641966
0.003677496
0.001717944
0.002475253
0.0028036
0.003080313
0.00253722
0.00231175
0.001928231
0.0024571
0.001744692
0.002012717
0.001702697
0.002386579
0.003107631
0.002741476
0.005313983
0.004072125
0.003654564
0.002582311
0.002705021
